1933.8332173172296 0.0 -203.33732283126446
1925.8125678307779 0.0 -200.49863304182114
1901.8941022054366 0.0 -192.08141673354268
1862.4859540562693 0.0 -178.26106513955062
1808.241616842982 0.0 -159.286796501732
1740.0934162003982 0.0 -135.66340799128918
1659.1120510550197 0.0 -108.17087943141694
1566.641630179856 0.0 -77.88335144743351
1464.1477430812229 0.0 -45.990397496808335
1353.2861774651724 0.0 -13.72799361645905
1235.888737843425 0.0 17.80052233349375
1113.8915041163598 0.0 47.67387719975252
989.3544352956949 0.0 75.01240365240523
864.3646020361924 0.0 99.1293437255805
741.00636382831 0.0 119.31864851700284
680.5955972899914 0.0 127.7301402085158
621.3722136554184 0.0 134.932141933609
563.5842839335395 0.0 140.87011761992096
507.4632993612035 0.0 145.51153329579867
453.2654644402717 0.0 148.8597256980929
401.246983672606 0.0 150.91803156365418
351.6034775865513 0.0 151.67863018584256
304.56070230407414 0.0 151.20815343932964
260.31970068212837 0.0 149.5373624902835
219.08693790627677 0.0 146.73560037768019
181.0715903263864 0.0 142.89150107689989
146.39753705379474 0.0 138.04667041132825
115.22181674403866 0.0 132.19871000293406
87.69604572404619 0.0 125.30663960087787
63.88112075360727 0.0 117.24386892951769
43.931056537680924 0.0 108.12645639355102
27.927813577946154 0.0 98.25763464683389
16.040735206369227 0.0 88.28245086988659
8.400582882108456 0.0 78.8513745718382
5.124562242800083 0.0 70.51842057979752
6.218095617052901 0.0 63.32217076657266
11.632382047387416 0.0 56.91538827689061
21.24208240325417 0.0 50.6861854744304
34.92456871840811 0.0 44.04196565927509
52.57014327558013 0.0 36.76208225179369
74.14293536626636 0.0 28.87124851699909
99.54315357159594 0.0 20.639224778274915
128.72887928191008 0.0 12.327637866091603
161.57018548471595 0.0 4.1317955225209735
197.91274468878112 0.0 -3.926612938001629
237.64623360429022 0.0 -11.792738656841598
280.5750317028982 0.0 -19.4587609273588
326.5170742777821 0.0 -26.820404360892866
375.2821631292058 0.0 -33.831266377995554
426.67165377824676 0.0 -40.36506948929801
480.5007703537778 0.0 -46.33682924254387
536.5241530111548 0.0 -51.67271862896764
594.4910195771251 0.0 -56.33749251261186
654.1617453219269 0.0 -60.35648973103573
715.2584364292632 0.0 -63.887374512322374
840.6039580722833 0.0 -69.93642291957127
968.1910867354168 0.0 -75.57264591766034
1095.6995916337223 0.0 -81.76830607146705
1220.833642460998 0.0 -89.32204751823237
1341.3299428826942 0.0 -98.80102315834851
1455.0978766330795 0.0 -110.38354321354915
1560.1700809852127 0.0 -123.93081664391653
1654.790455153779 0.0 -138.92063205948313
1737.4473198392875 0.0 -154.49136192164838
1806.7938551044235 0.0 -169.5881565414982
1861.8054518158606 0.0 -183.10309017696886
1901.6392527608214 0.0 -193.894764755524
1925.755633380385 0.0 -200.9037427063063
1933.8332173172296 0.0 -203.33732283126446
