2354.096523155633 5500.0 -50.93517433304699
2350.8332339517556 5500.0 -49.96916189177443
2341.1027502462052 5500.0 -47.107607877575006
2325.0717734589944 5500.0 -42.412028611453955
2303.0065599679765 5500.0 -35.96829429014554
2275.2900965561935 5500.0 -27.958529397887762
2242.366404247938 5500.0 -18.6718838689959
2204.794876201378 5500.0 -8.509287037466967
2163.1858477890128 5500.0 2.084765032652464
2118.226600808575 5500.0 12.651222364649062
2070.671950591772 5500.0 22.7877023452595
2021.3145540512464 5500.0 32.16673137947966
1970.995680843146 5500.0 40.48004872662582
1920.5633919801971 5500.0 47.49701920690454
1870.8650693394688 5500.0 52.97924508443334
1846.5577896820955 5500.0 55.0745686045675
1822.750132205003 5500.0 56.71161629159685
1799.5423310016909 5500.0 57.8737968258813
1777.0275367452275 5500.0 58.55296057952756
1755.3080209360855 5500.0 58.755803901162636
1734.4860550747383 5500.0 58.48902313941349
1714.6399438577332 5500.0 57.75358949379143
1695.8584710803393 5500.0 56.580845252506066
1678.2212997104195 5500.0 54.98728672724676
1661.809450987153 5500.0 53.00493534188088
1646.704625285377 5500.0 50.67357507636485
1632.9554353485987 5500.0 48.01241878501912
1620.6246607611884 5500.0 45.02379593867052
1609.7737228361998 5500.0 41.69451089596782
1600.4295969840434 5500.0 37.97527177774577
1592.6513750469462 5500.0 33.915662527023144
1586.4654483076106 5500.0 29.63852576990882
1581.9259576027573 5500.0 25.405071870798597
1579.0715186569284 5500.0 21.477869465403845
1577.9373515163777 5500.0 18.08067440899077
1578.5248144524205 5500.0 15.22901181373744
1580.8216830232168 5500.0 12.783155670041365
1584.7906997755401 5500.0 10.49606245436925
1590.3952863918212 5500.0 8.128451199276817
1597.5962430198106 5500.0 5.58988777432684
1606.3787236829878 5500.0 2.8894930069238987
1616.6972192522815 5500.0 0.1329340758297512
1628.5295082668858 5500.0 -2.5761592471671584
1641.8196024990089 5500.0 -5.162490872003399
1656.5054014999384 5500.0 -7.620627713416782
1672.541688204456 5500.0 -9.930969845282608
1689.850157916013 5500.0 -12.09448846711216
1708.355901616351 5500.0 -14.073341997971601
1727.981972880237 5500.0 -15.85297652519416
1748.6463792689808 5500.0 -17.387108776099186
1770.2735326286654 5500.0 -18.645659725841867
1792.763878001449 5500.0 -19.604275498693085
1816.0165021581743 5500.0 -20.254127331101778
1839.9362170187994 5500.0 -20.61035326344174
1864.4153179975895 5500.0 -20.741750093052172
1914.6114470754662 5500.0 -20.534022357324496
1965.6943478985625 5500.0 -20.114464104315736
2016.757553787583 5500.0 -19.92001997788875
2066.900710284154 5500.0 -20.317771617105144
2115.231612557792 5500.0 -21.581649987958194
2160.918892963363 5500.0 -23.82664719251829
2203.1737793862717 5500.0 -27.03850842197343
2241.2838620094467 5500.0 -31.045398274904286
2274.627260154206 5500.0 -35.53478414077772
2302.643901526725 5500.0 -40.113499241685744
2324.9013104088936 5500.0 -44.36043018979963
2341.038911494375 5500.0 -47.83728814994351
2350.8189721029426 5500.0 -50.13217556964397
2354.096523155633 5500.0 -50.93517433304699
