2145.6119359605045 -2750.0 -115.77601408081371
2139.9473894882535 -2750.0 -113.93658144077015
2123.0559650077307 -2750.0 -108.48482779063288
2095.2264719945138 -2750.0 -99.5360063372695
2056.920765756401 -2750.0 -87.25253554423388
2008.800500433091 -2750.0 -71.9705685364354
1951.6292006859471 -2750.0 -54.2162847530703
1886.367102647859 -2750.0 -34.71669570893597
1814.0615650006366 -2750.0 -14.277362215758282
1735.893889817132 -2750.0 6.267169405736551
1653.1661182686807 -2750.0 26.178393050303246
1567.2499231569882 -2750.0 44.84711496317426
1479.602900567059 -2750.0 61.69552542982409
1391.6980833857767 -2750.0 76.28130180695584
1305.0069608198364 -2750.0 88.14857274414985
1262.5797840974028 -2750.0 92.92764058348543
1221.0056531164964 -2750.0 96.88211301235495
1180.4591573895261 -2750.0 99.97837348119488
1141.1028814019671 -2750.0 102.19789782775227
1103.1160457067917 -2750.0 103.54771562383219
1066.6778708569725 -2750.0 104.03485644123967
1031.9253876039259 -2750.0 103.65743218522015
999.015350126942 -2750.0 102.46620590932271
968.0878765378131 -2750.0 100.48638693303856
939.2861723087062 -2750.0 97.77028199010455
912.7549865919766 -2750.0 94.3837465213804
888.5802426709243 -2750.0 90.35816456710825
866.8718738827205 -2750.0 85.694735392909
847.7367262041599 -2750.0 80.36756085015783
831.2197323826078 -2750.0 74.28917397536658
817.4265391292383 -2750.0 67.5436099570811
806.4089427413011 -2750.0 60.34456074889169
798.2736231736707 -2750.0 53.1465076722247
793.1001629669765 -2750.0 46.40701940888199
790.9604262609084 -2750.0 40.51592110505105
791.8575004158423 -2750.0 35.50031017497763
795.7635991883986 -2750.0 31.116309890450186
802.6022273983239 -2750.0 26.933448983912623
812.2984335455521 -2750.0 22.534804894931685
824.7794986393391 -2750.0 17.763967858783992
840.0198689456269 -2750.0 12.637573942967899
857.944771356996 -2750.0 7.342562101394827
878.5200788873956 -2750.0 2.0612402474129636
901.6512950015326 -2750.0 -3.0721038133699703
927.2300300424242 -2750.0 -8.045120639452021
955.1780791277084 -2750.0 -12.821450735461003
985.3584115059692 -2750.0 -17.39920600664233
1017.641714826729 -2750.0 -21.70875482262712
1051.8940456989462 -2750.0 -25.721111674415052
1087.9740867452088 -2750.0 -29.351552544326644
1125.7509819348513 -2750.0 -32.54399450911587
1165.0516854356517 -2750.0 -35.251272312096305
1205.7000640550127 -2750.0 -37.4533181108273
1247.5289022668971 -2750.0 -39.172253864424505
1290.3466300768298 -2750.0 -40.52349880167585
1378.169270220387 -2750.0 -42.459567417811606
1467.552933021528 -2750.0 -44.06568237124104
1556.891829097225 -2750.0 -46.06470983123349
1644.5940621861375 -2750.0 -49.05757760295253
1729.0862601891804 -2750.0 -53.48262900608733
1808.9087605339466 -2750.0 -59.5029465918735
1882.6823380397136 -2750.0 -67.05745961120888
1949.1685744666825 -2750.0 -75.81292390691321
2007.2938685698523 -2750.0 -85.19410668834925
2056.0964405361456 -2750.0 -94.4875451478425
2094.83900826739 -2750.0 -102.936731825108
2122.9108590700826 -2750.0 -109.75840626018196
2139.9149722043103 -2750.0 -114.22110429035027
2145.6119359605045 -2750.0 -115.77601408081371
